Node P_{1,1} P_{1,2} P_{2,2} P_{1,3} P_{2,3} P_{1,4} P_{2,4}
(0,0) 0.5 0.43 0.68 0.32 0.57 0.27 0.51
(0,1) 1 0.75 0.87 0.64 0.84 0.5 0.73
(0,2) 1 0.87 1 0.7 0.82 0.6 0.78
(0,3) 1 0.75 0.87 0.67 0.84 0.53 0.72
(0,4) 0.5 0.5 0.5 0.37 0.4 0.33 0.58
(1,0) 0.75 0.62 0.87 0.51 0.78 0.43 0.74
(1,1) 0.75 0.62 0.87 0.5 0.78 0.42 0.74
(1,2) 0.75 0.62 0.87 0.54 0.82 0.43 0.7
(1,3) 0.75 0.68 0.68 0.53 0.59 0.47 0.77
(1,4) 1 0.75 0.87 0.67 0.82 0.54 0.65
(2,0) 0.75 0.68 0.68 0.57 0.84 0.48 0.73
(2,1) 0.5 0.37 0.56 0.29 0.57 0.24 0.49
(2,2) 0.75 0.56 0.81 0.46 0.71 0.39 0.72
(2,3) 0.75 0.68 0.93 0.57 0.87 0.49 0.64
(2,4) 1 0.87 1 0.75 0.6 0.64 0.8
(3,0) 1 0.81 0.68 0.68 0.81 0.57 0.77
(3,1) 0.75 0.62 1 0.5 0.75 0.41 0.79
(3,2) 1 0.81 0.68 0.68 0.88 0.57 0.7
(3,3) 1 0.87 1 0.75 0.6 0.63 0.83
(3,4) 1 0.87 0.75 0.75 0.89 0.64 0.71
(4,0) 0.75 0.56 0.81 0.46 0.51 0.37 0.68
(4,1) 0.75 0.62 0.87 0.5 0.79 0.42 0.7
(4,2) 0.75 0.68 1 0.57 0.84 0.47 0.8
(4,3) 0.75 0.62 1 0.51 0.87 0.44 0.72
(4,4) 0.5 0.43 0.68 0.37 0.6 0.31 0.61


((0, 4), (0, 0))
((0, 4), (4, 4))
((1, 0), (0, 0))
((2, 1), (1, 1))
((2, 1), (2, 0))
((2, 2), (1, 2))
((2, 3), (1, 3))
((3, 1), (4, 1))
((4, 0), (4, 4))
((4, 3), (4, 2))